9.7     139.8     9.0     141.0
     11.0     139.5     8.1     141.7
      8.7     140.2     8.7     142.2
      9.9     140.3     7.5     142.0
     11.8     139.7    10.4     141.8
     10.6     139.9     9.0     141.4
      9.3     140.2     7.9     141.6
      9.8     139.9     7.2     141.7
     10.0     139.4     8.2     141.9
     10.4     140.3     9.2     140.7
      8.0     139.2     7.9     141.8
     10.6     140.1     7.7     142.2
      9.7     140.6     7.9     141.4
     11.4     139.9     7.7     141.7
     10.6     139.7     7.7     141.8
      8.2     139.2     9.3     141.6
     11.8     139.8     8.2     141.7
     12.1     139.9     9.0     141.9
     11.0     140.0     7.4     141.5
     10.1     139.2     8.6     141.9
     10.1     139.6     8.4     141.4
     12.3     139.6     8.1     141.6
     11.6     140.2     8.4     141.5
     10.5     139.7     8.7     141.6
      9.9     140.1     7.4     141.1
     10.2     139.6     8.0     142.3
      9.4     140.2     8.9     142.4
     10.2     140.0     9.8     141.9
     10.1     140.3     7.4     141.8
      9.8     139.9     8.3     142.0
     10.7     139.8     7.9     141.8
     12.3     139.2     8.6     142.3
     10.6     139.9     7.7     140.7
     10.5     139.7     8.4     141.0
     11.0     139.5     8.9     141.4
     11.9     139.5     9.4     141.8
     10.7     139.4     8.4     141.8
      9.3     138.3     7.9     142.0
     11.3     139.8     8.5     142.1
     11.8     139.6     8.1     141.3
     10.0     139.3     8.9     142.3
     10.2     139.2     8.8     140.9
     11.2     139.9     9.3     141.7
     10.6     139.9     9.0     140.9
     11.4     139.3     8.2     141.0
     11.9     139.8     8.3     141.8
     11.4     139.9     8.3     141.5
      9.3     138.1     7.3     142.0
     10.7     139.4     7.9     141.1
      9.9     139.4     7.8     142.0
     11.9     139.8     7.2     141.3
     11.9     139.0     9.5     141.1
     10.4     139.3     7.8     140.9
     12.1     139.4     7.6     141.6
     11.0     139.5     7.9     141.4
     11.6     139.7     9.2     142.0
     10.3     139.5     9.2     141.2
     11.3     139.2     8.8     141.1
     12.5     139.3     7.9     141.3
      8.1     137.9     8.2     141.4
      7.4     138.4     8.3     141.6
      9.9     138.1     7.5     141.5
     11.5     139.5     8.0     141.5
     11.6     139.1     8.0     141.4
     11.4     139.8     8.6     141.5
     10.3     139.7     8.8     140.8
     10.0     138.8     7.7     141.3
      9.6     138.6     9.1     141.5
      9.6     139.6     8.6     141.8
     11.4     139.7     8.0     139.6
      8.7     137.8     8.4     140.9
     12.0     139.6     8.2     141.4
     11.8     139.4     8.7     141.2
     10.4     139.2     7.5     141.8
     11.4     139.6     7.2     142.1
     11.9     139.0     7.6     141.7
     11.6     139.7     8.8     141.2
      9.9     139.6     7.4     141.0
     10.2     139.1     7.9     140.9
      8.2     137.8     7.9     141.8
     11.4     139.1     8.6     140.6
      8.0     138.7     7.5     141.0
     11.0     139.3     9.0     141.9
     10.1     139.3     7.9     141.3
     10.7     139.5     9.0     141.2
     11.5     139.4     8.9     141.5
      8.0     138.5     8.7     141.6
     11.4     139.2     8.4     142.1
      9.6     139.4     7.4     141.5
     12.7     139.2     8.0     142.0
     10.2     139.4     8.6     141.6
      8.8     138.6     8.5     141.4
     10.8     139.2     8.2     141.5
      9.6     138.5     7.4     141.5
     11.6     139.8     8.3     142.0
      9.9     139.6     9.0     141.7
     10.3     139.7     9.1     141.1
     10.6     140.0     8.0     141.2
     11.2     139.4     9.1     141.5
     10.2     139.6     7.8     141.2
